129191954998 	 2 		 48 	 60 	 1234567891 	 Elliot Saad
127808308576 	 2 		 56 	 67 	 1234567892 	 Jeffie Gabbard 
124937050633 	 3 		 49 	 74 	 1234567893 	 Krystal Love
122395787148 	 11 	 17 	 55 	 1234567895 	 Marybeth Jock  
124496674999 	 4 		 54 	 64 	 1234567896 	 Corey Kuhlman
128798375359 	 9 		 33 	 69 	 1234567897 	 Myrtie Athens  
121141673236 	 10 	 57 	 70 	 1234567898 	 Annie Gilsdorf  
120285910675 	 6 		 51 	 76 	 1234567810 	 Maxine Ford
124907945131 	 1 		 26 	 82 	 1234567812 	 Duane Finkle  
122556336580 	 10 	 19 	 63 	 1234567813 	 Foster Kratochvil  
128269916944 	 11 	 37 	 59 	 1234567817 	 Avis Mahaney
124425645282 	 4 		 42 	 68 	 1234567818 	 Doria Stfleur    
129122531544 	 10 	 40 	 61 	 1234567821 	 Rocky Milligan  
